A=[2 4;6 8]
B=[1 3;5 7;9 11]
[A;B]
c=[0 3 7;9 7 4]
[A c]